17.375  0
21.407  1
25.460  2
29.480  1
31.497  0
37.540  2
45.610  0
49.638  1
53.674  0
57.709  2
61.742  1
65.754  0
69.807  0
73.842  1
77.875  2
81.907  2
85.940  0
90.000  1
98.065  0
102.080 1
106.115 2
110.150 2
112.150 1
114.180 0
118.215 0
122.250 1
126.285 2
130.315 0
134.350 0
138.380 1
142.420 1
144.250 0
146.450 2
162.555 0
178.690 1
182.722 1
186.760 1
190.800 1
194.820 0
198.910 2
202.895 0
206.930 1
210.950 0
214.995 0
219.025 1
223.060 1
225.070 2
227.090 0
231.125 1
235.160 2
239.195 0